
---------- Input parameters ------------
5 node_positions: [[0, 0], [2, 5], [3, 2], [4, 7], [5, 2]]
7 elements: [[0, 1], [0, 2], [1, 2], [1, 3], [2, 3], [2, 4], [3, 4]]
2 loads: [[4, 0.2], [5, -0.5]]
3 fixed_dofs: [0, 1, 9]
parameter EA =  10
counting criterion:  3 + 7 - 2 * 5 = 0
 -> statically determined (statisch bestimmt)

id_matrix:
[[0 0 2 2 4 4 6]
 [1 1 3 3 5 5 7]
 [2 4 4 6 6 8 8]
 [3 5 5 7 7 9 9]]

----- assemble global stiffness matrix from local matrices -----
   - element  0 , angle  68.1985905136 , length  5.38516480713
   - element  1 , angle  33.690067526 , length  3.60555127546
   - element  2 , angle  -71.5650511771 , length  1.0
   - element  3 , angle  45.0 , length  5.38516480713
   - element  4 , angle  78.690067526 , length  4.12310562562
   - element  5 , angle  0.0 , length  2.2360679775
   - element  6 , angle  -78.690067526 , length  2.2360679775

global stiffness matrix k_global:
[[  2.17624756   1.92040613  -0.2561315   -0.64032875  -1.92011606
   -1.28007738   0.           0.           0.           0.        ]
 [  1.92040613   2.4542068   -0.64032875  -1.60082188  -1.28007738
   -0.85338492   0.           0.           0.           0.        ]
 [ -0.2561315   -0.64032875   2.18460819  -1.43119456  -1.           3.
   -0.92847669  -0.92847669   0.           0.        ]
 [ -0.64032875  -1.60082188  -1.43119456  11.52929857   3.          -9.
   -0.92847669  -0.92847669   0.           0.        ]
 [ -1.92011606  -1.28007738  -1.           3.           7.48553495
   -1.25350796  -0.09328293  -0.46641466  -4.47213595   0.        ]
 [ -1.28007738  -0.85338492   3.          -9.          -1.25350796
   12.18545823  -0.46641466  -2.33207332   0.           0.        ]
 [  0.           0.          -0.92847669  -0.92847669  -0.09328293
   -0.46641466   1.19376485   0.53486521  -0.17200523   0.86002615]
 [  0.           0.          -0.92847669  -0.92847669  -0.46641466
   -2.33207332   0.53486521   7.56068073   0.86002615  -4.30013073]
 [  0.           0.           0.           0.          -4.47213595   0.
   -0.17200523   0.86002615   4.64414118  -0.86002615]
 [  0.           0.           0.           0.           0.           0.
    0.86002615  -4.30013073  -0.86002615   4.30013073]]

global right hand side load vector f:
[[ 0. ]
 [ 0. ]
 [ 0. ]
 [ 0. ]
 [ 0.2]
 [-0.5]
 [ 0. ]
 [ 0. ]
 [ 0. ]
 [ 0. ]]

----- reduce system by removing fixed dofs -----
k_global_reduced:
[[  2.18460819  -1.43119456  -1.           3.          -0.92847669
   -0.92847669   0.        ]
 [ -1.43119456  11.52929857   3.          -9.          -0.92847669
   -0.92847669   0.        ]
 [ -1.           3.           7.48553495  -1.25350796  -0.09328293
   -0.46641466  -4.47213595]
 [  3.          -9.          -1.25350796  12.18545823  -0.46641466
   -2.33207332   0.        ]
 [ -0.92847669  -0.92847669  -0.09328293  -0.46641466   1.19376485
    0.53486521  -0.17200523]
 [ -0.92847669  -0.92847669  -0.46641466  -2.33207332   0.53486521
    7.56068073   0.86002615]
 [  0.           0.          -4.47213595   0.          -0.17200523
    0.86002615   4.64414118]]

f reduced:
[[ 0. ]
 [ 0. ]
 [ 0.2]
 [-0.5]
 [ 0. ]
 [ 0. ]
 [ 0. ]]

----- solve system k*u = f for u -----
number of nonfixed dofs:  7 , rank of stiffness matrix:  7
(these numbers should be equal, otherwise the system is not statically determined)
solution (u reduced):
[[ 0.59023806]
 [-0.45189346]
 [ 0.5073277 ]
 [-0.49680298]
 [ 0.10578509]
 [-0.17207675]
 [ 0.52432182]]

----- recover full sized u by inserting 0's -----
, u recovered:
[ 0.          0.          0.59023806 -0.45189346  0.5073277  -0.49680298
  0.10578509 -0.17207675  0.52432182  0.        ]

----- plot -----
Created file "out_dof7_el7_n5.png".
